1.000000000 0.021608643 0.022809124 0.010804322 0.097238896 0.074429772 0.006002401 0.039615846 0.003601441 0.178871549 0.339735894 0.001200480 0.020408163 0.012004802 0.033613445 0.013205282 0.054021609 0.056422569 0.034813926 0.010804322 0.462184874 0.235294118 0.024009604
0.021608643 1.000000000 0.013205282 0.000000000 0.042016807 0.218487395 0.000000000 0.024009604 0.012004802 0.026410564 0.006002401 0.048019208 0.369747899 0.025210084 0.001200480 0.000000000 0.007202881 0.032412965 0.009603842 0.036014406 0.007202881 0.012004802 0.022809124
0.022809124 0.013205282 1.000000000 0.006002401 0.006002401 0.002400960 0.007202881 0.008403361 0.020408163 0.006002401 0.037214886 0.008403361 0.007202881 0.009603842 0.064825930 0.054021609 0.001200480 0.022809124 0.004801921 0.012004802 0.033613445 0.031212485 0.007202881
0.010804322 0.000000000 0.006002401 1.000000000 0.000000000 0.004801921 0.705882353 0.000000000 0.025210084 0.000000000 0.012004802 0.003601441 0.001200480 0.013205282 0.057623049 0.066026411 0.002400960 0.133253301 0.001200480 0.002400960 0.014405762 0.008403361 0.016806723
0.097238896 0.042016807 0.006002401 0.000000000 1.000000000 0.158463385 0.000000000 0.008403361 0.033613445 0.026410564 0.211284514 0.276110444 0.097238896 0.088835534 0.090036014 0.067226891 0.032412965 0.031212485 0.028811525 0.340936375 0.165666267 0.160864346 0.111644658
0.074429772 0.218487395 0.002400960 0.004801921 0.158463385 1.000000000 0.003601441 0.000000000 0.012004802 0.066026411 0.072028812 0.050420168 0.494597839 0.044417767 0.001200480 0.000000000 0.142857143 0.016806723 0.014405762 0.032412965 0.031212485 0.099639856 0.066026411
0.006002401 0.000000000 0.007202881 0.705882353 0.000000000 0.003601441 1.000000000 0.000000000 0.031212485 0.000000000 0.007202881 0.002400960 0.002400960 0.008403361 0.069627851 0.080432173 0.000000000 0.160864346 0.000000000 0.002400960 0.008403361 0.003601441 0.010804322
0.039615846 0.024009604 0.008403361 0.000000000 0.008403361 0.000000000 0.000000000 1.000000000 0.000000000 0.003601441 0.009603842 0.076830732 0.038415366 0.016806723 0.009603842 0.000000000 0.094837935 0.002400960 0.009603842 0.038415366 0.021608643 0.001200480 0.020408163
0.003601441 0.012004802 0.020408163 0.025210084 0.033613445 0.012004802 0.031212485 0.000000000 1.000000000 0.001200480 0.037214886 0.021608643 0.015606242 0.062424970 0.223289316 0.270108043 0.000000000 0.102040816 0.114045618 0.007202881 0.061224490 0.055222089 0.052821128
0.178871549 0.026410564 0.006002401 0.000000000 0.026410564 0.066026411 0.000000000 0.003601441 0.001200480 1.000000000 0.087635054 0.004801921 0.008403361 0.000000000 0.003601441 0.006002401 0.076830732 0.057623049 0.009603842 0.001200480 0.106842737 0.103241297 0.001200480
0.339735894 0.006002401 0.037214886 0.012004802 0.211284514 0.072028812 0.007202881 0.009603842 0.037214886 0.087635054 1.000000000 0.058823529 0.034813926 0.008403361 0.044417767 0.024009604 0.030012005 0.009603842 0.069627851 0.088835534 0.584633854 0.741896759 0.002400960
0.001200480 0.048019208 0.008403361 0.003601441 0.276110444 0.050420168 0.002400960 0.076830732 0.021608643 0.004801921 0.058823529 1.000000000 0.164465786 0.219687875 0.026410564 0.042016807 0.032412965 0.006002401 0.061224490 0.722689076 0.028811525 0.090036014 0.291716687
0.020408163 0.369747899 0.007202881 0.001200480 0.097238896 0.494597839 0.002400960 0.038415366 0.015606242 0.008403361 0.034813926 0.164465786 1.000000000 0.039615846 0.012004802 0.008403361 0.012004802 0.006002401 0.012004802 0.130852341 0.004801921 0.050420168 0.040816327
0.012004802 0.025210084 0.009603842 0.013205282 0.088835534 0.044417767 0.008403361 0.016806723 0.062424970 0.000000000 0.008403361 0.219687875 0.039615846 1.000000000 0.072028812 0.091236495 0.004801921 0.000000000 0.162064826 0.176470588 0.012004802 0.018007203 0.582232893
0.033613445 0.001200480 0.064825930 0.057623049 0.090036014 0.001200480 0.069627851 0.009603842 0.223289316 0.003601441 0.044417767 0.026410564 0.012004802 0.072028812 1.000000000 0.717887155 0.007202881 0.099639856 0.049219688 0.036014406 0.091236495 0.025210084 0.074429772
0.013205282 0.000000000 0.054021609 0.066026411 0.067226891 0.000000000 0.080432173 0.000000000 0.270108043 0.006002401 0.024009604 0.042016807 0.008403361 0.091236495 0.717887155 1.000000000 0.008403361 0.040816327 0.058823529 0.018007203 0.052821128 0.048019208 0.091236495
0.054021609 0.007202881 0.001200480 0.002400960 0.032412965 0.142857143 0.000000000 0.094837935 0.000000000 0.076830732 0.030012005 0.032412965 0.012004802 0.004801921 0.007202881 0.008403361 1.000000000 0.013205282 0.001200480 0.039615846 0.036014406 0.033613445 0.014405762
0.056422569 0.032412965 0.022809124 0.133253301 0.031212485 0.016806723 0.160864346 0.002400960 0.102040816 0.057623049 0.009603842 0.006002401 0.006002401 0.000000000 0.099639856 0.040816327 0.013205282 1.000000000 0.019207683 0.024009604 0.022809124 0.000000000 0.001200480
0.034813926 0.009603842 0.004801921 0.001200480 0.028811525 0.014405762 0.000000000 0.009603842 0.114045618 0.009603842 0.069627851 0.061224490 0.012004802 0.162064826 0.049219688 0.058823529 0.001200480 0.019207683 1.000000000 0.055222089 0.087635054 0.080432173 0.141656663
0.010804322 0.036014406 0.012004802 0.002400960 0.340936375 0.032412965 0.002400960 0.038415366 0.007202881 0.001200480 0.088835534 0.722689076 0.130852341 0.176470588 0.036014406 0.018007203 0.039615846 0.024009604 0.055222089 1.000000000 0.052821128 0.055222089 0.247298920
0.462184874 0.007202881 0.033613445 0.014405762 0.165666267 0.031212485 0.008403361 0.021608643 0.061224490 0.106842737 0.584633854 0.028811525 0.004801921 0.012004802 0.091236495 0.052821128 0.036014406 0.022809124 0.087635054 0.052821128 1.000000000 0.422569028 0.006002401
0.235294118 0.012004802 0.031212485 0.008403361 0.160864346 0.099639856 0.003601441 0.001200480 0.055222089 0.103241297 0.741896759 0.090036014 0.050420168 0.018007203 0.025210084 0.048019208 0.033613445 0.000000000 0.080432173 0.055222089 0.422569028 1.000000000 0.007202881
0.024009604 0.022809124 0.007202881 0.016806723 0.111644658 0.066026411 0.010804322 0.020408163 0.052821128 0.001200480 0.002400960 0.291716687 0.040816327 0.582232893 0.074429772 0.091236495 0.014405762 0.001200480 0.141656663 0.247298920 0.006002401 0.007202881 1.000000000






















































































































